$ANSIBLE_VAULT;1.1;AES256
61373531343564336332346130393063613836346637623961616464373531353533663964363137
3231376266333033623633303962386537373633643135390a373032653531663961323736633634
37633161643134353735613234383338323033656434313965636566643162643131323466383631
6362613335626136340a613561396665333563363739353239333065663936326634636334383732
34376633653530623962636666396135376236326338656335383235343864623939393666303561
31356639313934386663626163633765633065356364666665393961363932356538343865363231
36343461373666376235303938653234343231666235303732666665626164303139656563343466
32363561643330323136616236303235343163356438313063386337336237363536663930643965
33316638633139333631356664353332353732386439306632373639366235396237376230623362
63633732363033353862323765343639613764343238343265303237333864613431336366656534
61393764323137383763323364376338623935363266643230323634353934343532323535306639
66386662386634653434393564363062376534363431353731633632376634643561366639326336
38646532363235366435316636366636666663666537643662636138646264313535646438376262
39386537306131393362646566343064343234623966323163303239376364336438396564343165
65323564303066363534306162346139373332313562376565353038343339356464326663316263
31316535316139383562663662663737313832383031646165633032616534363462333934346233
36653134383365343430303163326261353266333961643363636639333534316561383632633035
30383937316137616234336530313965333230613362306366373739623633653737626530373566
65666533336663383964313966313035383835386163313536316532613030386132663837396437
31663531663337353362363437643833636266633133663033383638393161333739333830646461
65613664643031333732326337323936333438373831386561363661393563323437333564656631
39613831613430383834626130663164333635343932306137383835663838613638396537353966
39326332356434396363646364346335383536313432393333326438323764383331376365656266
64636339386231663934
