$ANSIBLE_VAULT;1.1;AES256
64356464323839326539373864636161623264646135663161613431646536353334346363653666
3230316561666635636635643865323865303336646435650a643730613539386433343365613039
34343537306464616264343832313361663032613633393162643036386263396666376663663966
3466333764653234380a656332326637653832616330383036663339393830366438623231663038
39626563633539333563343435323137633933316561636539616461363463323562346163363461
65326635323861363864346264666531636237636238636534383639393163656133316563616563
30613338393734356466363737313139353661616262663636653565323834616661663162653830
31326635613837333331366265633539613961353363343738316134316630333337366565643164
38356530626235303734383936643038633063333531313762623961323862346339613764636338
32366663303433613464626438373464353564313339313461366366313663663738336431366136
39313962356365326636663034323433396435323964373464613637363934643432663762353834
34623736653330343234626163653966316361633466626431646165656336363632373938353833
34623038633234363863306238363264383334383239333734313330316562656463366534663464
30616162353038633730393661343339653534373531333935653265386165393933643130623235
65336138623363396232613965323765323066376563303166326463366233316234303834623839
64326131343761396361396631613062316330643039646262353538373938643166366232623762
34316332323762313934613235383739643231613434396364343031363162393335346164623132
39316664383466326463636537343137663966353930333361376535376632336635326136643164
31366161613830343966393161383136393031366632656265393832643132363631353838316332
31656630363163633034633732396262363334613365623039323637653933646634313832343263
38626261323436393261356662303037666538653335666163333264303335333232326134343530
31636238396534303266376231646661383665393562613430343762353335643962386234353035
64333236323463653333336661613934666438616662386664613936323665643338316565323037
30336164626436346166
