$ANSIBLE_VAULT;1.1;AES256
32373562613430343036323063386139336464333530613736636536333864323165646330653434
6665336430623062356463376465323530326438646534390a616635356639396639653432373030
33323830663139303338363738306535646534363738373637643064383733613937333635343633
3063346232633333320a373664616232646131363363633738623562656366663865336634353738
36303934636539633937633163323765656434383434383030336433376566336366393139626135
37633565646132343437323536396362346137613432363134306162396137306136303232373565
66643633316161376161373231333462306263643937383065623765366231386235633236383532
31323738623532633532636531633836313537306532326435333066343235383839323966613439
62346336623332336633643331303034343162326664366538313639616238383835356534343035
38623961346637353533386338336331623261343734383038363066323137316530613037383563
64373462333266323839663030636661346631613462656136616636643439323235646233663135
33323765376439663535643437613636336365656231616162643230346430626166316538346231
32623337323466643430383234346634346434623063316133663939333232373030303833363035
61626535356131386566383633633766323265346366313138363137326538396165323465613232
39366439646463313635303364383339306563656661343763313932333334616333623764633937
64373764663865376333626231666163343034613137383638393539303866333162353662316164
30643862363164613362366635633564643161653362326238623562616537383531373637633362
35636165636236353066666538393066303762373934313362393065373736343132383230613737
32393936653339666139623332313566333530646165356433313133336465316563303435313239
33313333366338613831626635323035366464323039633663633638366264626366316664383962
64636664663661323665356665383739346261303439313037633230646632313739396462373338
61323761663730343931333665626633663433343265306130393431663766323263346330623362
31373030333763643933336335653562326434346363346634646239613538613266323361643736
30373739326436323935
