$ANSIBLE_VAULT;1.1;AES256
38323763383461643465663062353466643633636631376661363664383031353363663163643730
3738623239643765363561393534306338333631643665650a663761653761656438623336313836
62356437663238623734323538613965343434636334323231396563323035383262633639663430
6532656636323861640a623236643634623834653730653262656336643730633163616537616465
38383937666334356235366138353666653938386639333634316262633439303538313136613132
32343664643838383762323566333837336136623030623266303065623464363062643130613832
32326139653763346137643263666161333465363431393436326532306236626632303034393530
37643031316537666332326533646362613432663530383633346264633862623863633134336239
64393735616130363835663562613235386665643135323130346631636634653363326132336136
38346336346139663766306362323436326438306434333131306539346663383634366434306638
63376433343566646438303837373239323737643032613630383364393838303632653666366335
34653631346638313632396262373964316239643035346136356661356330336234303838316237
66616136376264313663333535656564373464653335653436663035363863363031653535636431
61356665363465613537373836386334636434313061653664346139626132313131633239636635
61303166353934663337663533393563656361343862376161306137386365393036316639333662
33633962303639376535333533393961333662656662653263326262366433633737396663666166
62643766386462643761333432383564363962646533306338343365306535633966306630613733
38393236663366346435623162356566666138396464656363323238663439636339306464306661
30333233633061616335326665633737393864336336313032613462356564663330356165316166
32633738316163383765393235393733356337383931333737656461653731303637333633663961
61363239666431663135616464653733343632306162323332396265333538613166303766303737
64346162303765646637616438643762653832313963323262643862336535316163373635363062
65373562643639313137303733656635356130373566366164303934643932303732373230356239
33643239333930346464
