$ANSIBLE_VAULT;1.1;AES256
65666436663835626232323133633836313764303165383839666361356538396130343065316363
3266383063313065393839333535376364653764353230320a326361646661343037633038323831
63663337303961646439393266333037376637323162343931383839646264363162623136616236
3138373538613334300a333966383636323932373432656531346237623736353231663338376132
32393137383238626632353762343966336437623130346233303739346239353132646163303433
61343432356462393162613363353836323535326264323736383034373130633430346437373234
38363336393437633138323362336138306139356561376463613935666432333535316530353465
61393164386461636337316538663437353938306536663530626238336563363561323262366136
63376461643633633837626232366537303964616562366434373866383965306331373932613934
32303839373931316138616563626361656634313963323537366631356438336531656465356231
31663531613262373434396661306362326361313562363338393033343332366465636232336631
36633837626233616264386636336461306336386136653230656331663062343835336637303664
62326264623637376365333230663236356436376365343633373236393530613563313436626639
36636232366164323438393832383066333431626138663334343761656135626131313138616261
35633536613165643434656466346232363532656261363033393737353966653464313630666337
33393563333462373463366434643530646362316265333334386663353233376538633133306634
35343937633637306564613763363238636561656565653465366233333962336338666565306335
65623734643233633566333363313130366539353136656565353235613262363066626637633333
65353461613762313738343561333738363134656330303230363063363634626335366666323065
62656530396130393261343930663066616232333936363138636535663336346662343665316333
62346339643132366630306465343236323364633364653737646537313539656137313461373433
39323966323539653231353162363934646462663862373565613836383138653138376463393131
30346233393266303932333562313639393563376164303066613333343661326335343533396136
39383764343939666137
