$ANSIBLE_VAULT;1.1;AES256
36616630393735363435343439663162346164376630376164656333636632356263353230643035
3830353039396531336364653037613436363637366663380a366365383566333530323135306165
65626661363736336334343837663236366162366163623266323230623631613237666663663637
6461366130343930310a626637643537666539373733616338303361363432623531336166623532
65393832383162363634616235393235623230363864643434663633613336343031623231666335
36613566333664313833393936663034306365303764636561323665653633376363333431383439
66633235333332396535303439323530386233313230303938626535613233303662623236313932
32316530646537393662623134646661633066646237636538613665346438663930366132336532
31646165303339316461363230656462663735373537373939323632306135336366316632643035
64326464613038333165316637616166343861666533393163353861333030326233656465653264
65363734666531333939383836326361393331336663386538306364613864323261313166373433
61663863366232626632393961643038303064396365626662316264323963643339663739376463
32356165306165646134326364663437646537616161323466666661386462656161333934393235
66663764373262353461326332356331333064613132636564373737366231366461653636343161
35393563653966356661303066383837323563363865666537336662316564356231396136306465
61306565613862386538313337376266346138383663373630383966336132383838653837376433
31666632653738393338356134383361623639656439356334333935316535663463326639346237
38653433313233633235623436643965306262303739613862353464666237656430373131353165
66303464303432323064323034333237363334653130373232386463643963616261656636343461
66306561363336356166633830636131336237306361656666323266653662316363616332313133
33306261616435373831376131303234643662663239616434353265316561396133643836636435
36346536363264313732356138323835353861343431623666376331383164383962353264366362
38663938326539313266383639306266326434646331646530633963313062643235393261366266
66666331646137613262
