$ANSIBLE_VAULT;1.1;AES256
66366339633534383266346566636666316166333837316661393561303631353237393662653439
3466646431316364663536333961326362626238316239660a373333333836396532633738343435
61323537643036363764626138346534663633386335323337663836353539303665366333396430
3432343631323935380a353234313031393834383932346364393765653164623862363437316363
39303665333434373837343562313838356539353266353833383364616561653664313561383262
62363363636265376261313862356561363039663736666663323465393161663365306134663766
35643636616161363363343161336362363363336536326434356134333337323837346361633436
65633630613933396133306664626665646262643766393934363136616631343131336432353039
36336535373437366336653637303038336239366365653566616161643863363137383435636231
33303763343364626534323962376333623233663664376361636530613335356164626664643137
38333130633535643262636165626438373435623230313434623163303436383737333364656634
34346135613539636537623465643265383566393434303262323163636630326632363435383236
32626231316531333234663135623136333363626463636137306463316637373937333131313261
66346138646237636162306361393064313934326232306539356561663366313439633961393032
31346335346334633535333763343661336261643433316561623035613939626232323763613435
66363336393862353565373337613134303566346563656631643736343562646639623965316439
62343133363435313764666536373234353631326433343435633465366437373765343936326633
61353066356130336538353537623837633163313137376432303561663732613762346163646136
37653764366137373166366265613864383662306133626538633937366133356637633936303339
36336637396332636164343239636130353266316630333635653235393231363534313039303562
35636237623365376664663064393266326364366238336566353863396162353461653133653639
36303566396339656362326339643839336539373831396463663665343738346161616138376631
34643936356464306462326362323630306437626436326430383364356633393766613733363662
64303035386364353531
