$ANSIBLE_VAULT;1.1;AES256
33623130666632326434663835356263333036333831316361366437616633656362393339303838
6464363338663464663133623461316361653835383534330a663931386137343461323666643838
64656533356132383638323564613161366536376262313133333135323436646166363531393465
3934366661363964630a633635663762643765386337343135366237313065633235643038386262
37636531633034336263373437343461376565343562356562363930616139643236383962613631
37666663313565316130323830643536363164393233653030613939623839363336396235333132
33663462383532643765353031373939386632303930333534663232656362346562306631326565
35636132366133393432653661643635626635646239653961323334616631623866396565636430
66633062626662613130383737393633366662336331666261323637656266306236623362303839
62613636666335366262343635356661353137383138363533616666343730306236313636646366
66366530313139386532373932343735353631376364633761313263333162656464646462613135
38616238313536396665336664336138643463623830316363346236613839303865303934396165
63623737383339363139343661633334356465623235643664376562396232623765616435663738
33613436643038353639623733373731646335313633323763393434393861353136656432666330
33333533326438313431333537393730373563396135396435386135613137643534316539386436
64376164313130333437323736623864663434346462303634383730393439613332363166353166
65613233353566663435656265646533353237643065393766663536386139653532376162623561
39353131366531376331666661313063376265623061323465366631393530306431343262366239
61336131356662343961386135343636396434346463353539653161653632646633656261343130
39316661313036313737306231323137643832666237343837306238656463313531356432303039
61306239333565633534336466633233636130643462643630373738363564383430336364623763
37346161393633643761356533643861316431336561306365626363643838313864323962653232
35633136616361346134306639366434306239363436663461666164666439303536636466313962
36613133353534393832
