$ANSIBLE_VAULT;1.1;AES256
65323262363630646133666633353164653866653564313533393938373132666231633533313566
3135353433666334376639373162656364666633653161610a346364333266633161613662623763
31356334303932643165653231343836356161666535373162623630346134356332386432386364
3137383433653230640a366162656238356366383737303930313765663733616234646632313765
38626563393934643631333839376132643333303538633138393137646332373033623035313064
36343039326132376634666239343837333136333965623563343636613232663937323363366661
66623630356633383136396136393334363431373435333562303061366563643765346431656364
30396230353462633334646630333762663561643131656666666131373634303566316330383835
62666534326537343231313263303838303662396231376362323535306634626339613833356635
63333466643136653434383039336333376664643966353764616538373235646563613731336466
39316463343834626261343864656432633832633134613235666531613632666365616364363065
64656334656535353964353439316562623931366136363032393866383665363565626632626465
30306136626636356261366664626238346537373539663064636137373732623938343839366434
65303039336337313234323265376166636337666665343964663938336534313238316432386537
63366337666234353638306133303932376639653965336233643766323730363230653934353761
38633866623663346338646232613464346533623736353234613939316565333364343533346661
39336462666662303632363737666265613237613138653935323965316231323066306662346362
34626632373739616561313765643036653539333536346264363265356533613930313666346338
34376266666438393435353364396131383132363737353762356430393261313838356561653161
38363839353961323238663831393237663537323332333235636439306139326239636232323664
31303239373839303239386631343762333631363930303739633736313964333839356130643538
36373330383932656330653966366431663664656666323039613866336131396336646464623962
32636132656631623464376431643835613838623866313232623964323137316230306564616564
37333532656232633464
