$ANSIBLE_VAULT;1.1;AES256
65353534303438636237373934376437653536613337363364393934393166306537633363336239
6231336566343435653638333563323632663063633632390a316232393063353236383662333761
62383461366665376563353366393734636361333636356234396236346261366264653131316564
3830353835643364340a376161626538393864326434356465623030303136653434303335393265
37656665633931613463653964346363313764363534333031633930373566366131353962623134
31623537636361363361386334383963333765613831623539623166376666346361616465323730
64633231343231353363383337386337653763336636303631636237656638316633343934656261
62333733663930343061363433366166383235643164346365396334373361396132313636383861
33636332323562303762346230333032373232383235623436383463663635366235356364376532
34366335646261646464653038303930326364613863666637363734666232343935326635306166
64353239386633653232663665363737653561616361393564366136393536306234383432643464
63353562353233663262373031303036656565373965633438373063376566306530643235616132
34366637383332323630383630303036643130633661373539623561613462346139636331373530
38343966663030393531663765363236333661373434363330646463383166376235343861363336
62313566643531373163613763396364303838323666613166343436333035373761646138653431
65333061623162636264303137353263313530653832393037323737623061356339376365353733
39363030333366646230653764623935656635653834353562666138376338336134366436336431
33336264353139623333393262636132653964393739326135366332616131613466616661343039
65613038643436353533646264643635636566386233643335326330353365643933376662656633
66333236343430643765343638336132373236643565643734636661376537346235343163313235
35626230353437633462346361313334333937363433616463363935613931616538353039393733
39653764333738393935343265333633626336366533396536663532643336393462333436643161
62303736666461666265623031653261373136333037653366633535353963306430383063646431
32323661346562356430
