$ANSIBLE_VAULT;1.1;AES256
66353438656533646230383036633265343539356230386431323839353064396236396462386537
3437346538623633626665366164333131383462613664350a346430386136633334376634663635
36653138383234396334313334303133373565626664663331366630666361333639393038336332
3665306330313835650a663038396539623035326332383539666630323033623037656134646639
65366236353034323736393732306463323564636232613236616165623266383139613562313938
35333038386162643138303238363230363261653136653566383661363531336432316235383861
66643336313365616132323065363462336366323939323765336236336236663933353764623864
35356666376639366634326138663134323230656539656664353235303639323530333461383561
63363466663436653163343736636337383539383162373263643630616664376134346634343739
36316239353738333236323937393333636134303862616630323666343664636432313762643435
63643232373930343830653630383763326265613332663232303034343733376364303766643538
63326639383464323134616436383039333566386535346634366162396130326237666336613361
66326564363663326565363761303336393735393865346165353963386565373738363932656132
30346238626465626235636466366130373333616362613963323239393031353730613839396333
30333762373337646434333864653361623635363735303266333134343062623039383833613930
37623735633236353334346137396664633264633434663532656566666639353761386464366464
36393137613465626237633563333533643330656638323234366530623436396130303932636464
31373833313738646265626166356364333931353034656633636331636564386666333936356331
32663537633436653462323563336661643839366233306332393130663736313532633761373763
34333735376436333061396262336666633566333832616630663839623264323432303637393334
36336466316230356132636365333633343730303135623931386633373966303564353964303037
63396535636130313132393131316265336363303937306339643964363834643338653334373464
66653830616338346562616663373834376531373264636233366163613939393561666465313261
35363632313166643665
