$ANSIBLE_VAULT;1.1;AES256
30666463303330386366373234633635393531623032613262303731333462383263633432393231
6165616632323130323233326332666366623264366361390a393263666664653764663739333264
35323764626432636234356534343733373336316162373866363833313666663261343138386465
3436333566356265300a373531393636623261326539353632633062643165616663336235316364
34653130656666616565383739313461353039343264656663323665396438333430333663623537
37316365656166626263616265616338393338653538353665333336643431663661306464616432
66396361643938616433363466306233356130366438323530623461346236633434616663623862
36316561336536663233386565633661643838656439343666343464653562393036636438336464
63383663363230353836646461333066633634326638663131633837656334666333353764316361
64303030313031396539663730306261373936333130623963343435393764633566386537343335
64313933363938323938633562633036653534643663336261643663623562656166376231356430
39646263373836646331393630643238666134643433656566306438613763613238363935386432
63646231323962663136633632323237333530646562313831646132636238326230663433353738
34333865656562323032393835313262346561313065386565383965623737323134393532623533
65353836653365323236336461623466333338386661616665376262343136653835383833383432
39376137383235373464626435643439333565653766306435356666623766373136633761613761
35363133353139366362346564613732626464333132383539393538643664663336323136653337
63343933396465666263613939393963373139373961653230653637343465393462356631363338
63376264313737643431613231373664366537326631373861613062396337356634653730376335
38653965393861626163346230373038326566333334353062336239323835643163353239326461
63323363323861326264636133623463303362613464303431656136373961643539636338623164
36633631656463346262663939613963613532656635333131373730346531636361646535346230
62646362636464396338633561663631373537393766613031396462376661623337323931633363
32313935323634396266
