$ANSIBLE_VAULT;1.1;AES256
66353964366138626238393035393438633338633232656463326665373030616639613562376261
3730633239613130366638303333646637643864663366320a666335346565613965343762313962
32343063313361353936386563636438323231393138613864313533316535366263656266303463
3430393439326339330a363635373638373239306161623231653636663662613633323665353463
61663366323439643361383238306537353230373132303764383633383536643232336631626235
61396465646633316462336636373863393734386666613461326136633162343739316663336631
30633865373865316639633639656361376466376434306432623066663036363433366534326439
30353033663136623639663038333939396638666634393236636334343431613661656665613234
33323366336163633062353464613131613635313836333438313364396633623764333837396431
38356534666233336465656565323766323232396366653463653636663765643737346666323734
30393430333262373533323933366631653062363463346537373532383337653565346337636562
34626164313433343466306438303132373665316661363831333930653565633161613462316233
66323062623639623533306237336232336635656431616238623335386561633362313464356566
65356361366135356666346561313932363062333533333830616235313864333666663663636563
30313065643237326165306538373535346665636334663738633839316233336136386535653363
64623765323765663332623433393632316630373535393830633035616333373132323030316538
37373035336536373261623030636235333764663232626634353737623236626261333666383734
34656361383335383638326138333863333365386333636662346264636164613363363234346235
36316431623539393031663662386438303938323838643036383139373539633636383764613132
63643930393163376264346165333765373064626636376538366263383665366130376561613732
36356164613263333633383734376336336263336134336563363437396535653634623961316136
30373931663336663630646239396364366438363966303134613062316235306531323634303137
36376262353938323866363365343166373935396332346563663031316363333236656266316134
62663962346638636138
