$ANSIBLE_VAULT;1.1;AES256
65313137346565336163303265666238383863353038383165323633343065663539366663666165
3762356261383766656365663865643661616136663632610a313438633538303166373164323337
36663438356230376134643666383764313230313631306331323334613635363866356561356363
3866393537383862310a303930326462393130613634373738343566663934633238353966316530
63303238646536303034663636393065373738623864363964356461333936356332353961343763
31326633346531656533313733306662376137666334376663643432343732626661306438643132
36663961613935623437643933346237383531653431656435636239386334303366386238386361
33346237613532393763353633653164643830653037336661383230663238663031666663383634
32663365363661343966393066663463373563633864353863663563333365626665373366333362
30356637343061343266353732616163376639343239396561356236346666663337653063653462
64323864353965353632313164626633323934653638636165356261346461646466343039326530
35366435366135666339646464613337323039376239643034383830396463666263366439393738
32343862303062366364303939316563333639396437303838626438303831306432386532636131
65303431316138383064653632656235663330663132613232323930346665643735653063363837
35626366656230356636363834366162653064386231383861323331653536616366383033363135
62643065373866326262373538383837663938343861326665626663663634613738363866653437
63616239616633373930643166343663333137616539646563373239616361346534346265663933
65313530623930386236376364666437653839326366376665306636373263613837353236343133
31623037626465323739616231623261313932666434633966363332303732373333376438626634
65323339303133633963366235386135663662303466356231313265363039396636653761656633
37613332636132326131303436333739323137393662323033316139653032633062323961623030
66373438626133356633383265303031386564303962373035643337623131653865613739623131
36633335306539353333373632623763643633383833303938353263386262626565373939643837
31333565303239313662
