$ANSIBLE_VAULT;1.1;AES256
30383161353464353361623663653337313862373637643666643565653735643231613238366235
3036653334383337393438323965393363613134666362630a373562646438316664663230363535
32303234656465663931303661336333393063653136666461623862353132356335323833373031
3935646536653938370a363339353034343662646338633231343865333332653061666133313861
39313534363733343963356233656131636435663635373866303563393536323135363237653365
32653931663466653435633261393333393733626262343238393439333031323162656261306366
30643338373363663835623636613337323136633935393138313932303563326433623131626233
32633233373139663434306436353030656331623863343262626466623162636665383136336263
65313861336337666237386132613430303039316264336130383831616563386238303064356266
35343330653334383539636333663535616332343439303232313130303837373838653830386236
64306562323636316434303261626637346562653333343064353862343837323362333632636166
63623733343163323531646365343538313363343531663130303037633839633939323838636665
30306364313432343732343230396466656265633164383235653733313062346366326333383733
63326662346139353831643361323932663438383563366636363132363838316466373634373663
66663830653333636331343137643131653130386637346363343231396430316566626535346436
39303137343639656464313533326265656636623032373439653432383036323635353338656161
64613031363837313264393933383265656662323032383063343561623135303163666534666132
39643334623461666236636131363166366538353330393938386135346161623633636263396431
34316330656162353333616434306462336161393334316661363339353735366531393538643135
35363365636334373837623830623433303934633766613830616238633662613630663565633937
33643335326237366632656132323438333563613432626261383732326535656632626538376138
64326161653362653862643163306639383235306537306337373834313566643333363161656337
37376637396435353639393136356161666266353761616237383237396134616665306261323634
66333563336332663433
