$ANSIBLE_VAULT;1.1;AES256
37333738653632313061626231346634393961366333356465626234323031636163653838333433
3466343731633830316566353662653939373963373736630a626537643539386361326138616265
63393061303535343636643036393539366430623837353235336261363164616233346234663730
3730643633656138360a656362376564303665383035386531303563666634323137613961356234
37623235376439383136623232643835393562346364336335353135316537373039653362366530
31633530643232393932343139313232663932336639643038353037393833613864363438643436
64373438313233626461643265393664393834383734363466663130633063383333663332363532
62353833353439643865373133653063373737636438346336636466343230313433613232353738
63646264393163643237646233383030376334313336653433383863373433656163313834643865
30343335633063646337336365626561666364313234386332363630346337376136323364643865
62623032346663633236333366656430656235386331353361346433636637323362656338383364
63616265643238323562643132323334316130346539323939633164366335383963353563313935
31613436393234383739303534386132343361333738306336613132656565303765633863386261
33323330393864343039333932356465663262653136353432613861333762643731656430323334
35346331633635623337613530393762376234326435303063613435376532366564616464623334
34613838326262376665306564306161653630353834326630613564613931653233386233666362
32626633313562363465323931326334323862636564636533363361323061343636653533613430
63616637373135343731653932323439353362666233663262643732333461303365336333643331
36366333383466633837636531653835653233393166303933613663363362336333643030303232
62613632306162313533633361323530663435303761386261393439663964646661373662343233
34373533333962633466376336343865303432383439333962613465666663623966613266386131
32663563626365306537336633356136313530396233306366663465613634353936633337336264
66303066306562363030643431383538626138303431333334643439386635653564363636346239
61666635363863383839
