$ANSIBLE_VAULT;1.1;AES256
32623639356230373835643339643031323436623237343363353835616632396665376533643333
6663393735636461373532663365643161353333383432320a383735366233376135613832396433
32323838323639373262666637303037386436303966346338666366636633623032643331306562
6362613336313336310a663933386438323163363931343561623332376136383332356364376535
62343964313237363733376164626239323435323438633730316337313532643136656165373536
35636132616338646333333837316335303731666134356466313066643761626638333466633239
63643135323565373336373334633431393865346661633465346662623862343539613336336661
36653861303466643630303533326133663661323466363666323466323232303165393738303239
32346439633761303431356265383930316638333139383961373165613736663534323231393632
35626234643832316465373936613866363932656163396266643062383964353638663839666630
32633239623439616330333761336633333661653833643338623632666330366335626539356664
65316533313638666633383633356631393833656665333264346539323236623037663533323330
65373830373831346632363636376632336639626539613431333832356535313863363432613733
30393663356139326463336333663330613865626664653738323666663664356266323033623737
30623634373361393433396631346531373331306361353639393262363131663338346235393461
39623437326238313835313239343164393363636432346566336133363630373932636535303365
66646163303430393937653434306463383733376435646561323238396161653035613636386639
64633036666466613464643433633839316263633665313835396633356564343465623161663536
33626237636165626164346265336661663532373961346434323962353861396538636534356561
36356535613862613761333466656465303866666538646639343232666331623238323238303538
30326339613462306165636231316137353137633936613230333838306461393639373262623265
65633039316263363865623936376363316331643664376536306532323332616132663263353433
65643466613839653262663135336139383138663266343264323036656161636533336164653364
65616634363766666663
