$ANSIBLE_VAULT;1.1;AES256
38333265376335386335393539326137643535376563353661333736343935333834313137633634
6637633631643830356132316238316263653535376266310a356263386130376264633539316136
38316461653562373135313561643831666338303262373436633562363134656663373563666634
3834303561333466340a643965303938363663353565653731303664353036663936333961356263
62633331346439323239393464306135626263373261373737306663613763356335653430633865
35346331626162373862313761626230353732383262326264306566356631636430306666646135
31373039633635323033663033393538366538623430313661616334616238366165363034656437
65313535336666663164313461613939393966316530613463613763613832326337636138393563
63643038336131353066313662613730306365313065366462653335643263623537353732373632
35306635663565393661666431636337306662633362643830616633633534383863336137346631
66323465646666636461633134323363316338383330653861333563323332363138616134663063
61336331643238616566373863616633303466386439343437633863396138373139626637353536
37643433646634636334396163353566303066386462636561626631613663363737386433613062
62323666613836366665393036306239656162303635393636363865636262643461316265623662
33313632316464333930646265636133653233386430613930313134646639623766346530316438
61616262323530306335616365666437366534343364646162383962343336376332623730343737
62343364346433373563353330373738613666313365383531363335393862393062393065636631
66616639646538633962343436666462626337386663613633653335393732313830616332366638
65383262616461326431616532643031373332323663366230633231306539623932656466393066
63386434353164346164346463303338623831303564626462326538366233333831636663306139
63373466623666386537306533653034303135626335306466653038376331623431333861366462
31303030613536316139383662313065653263616664623464623565356330386330396635333661
62326466666161363239366230343062363033343561633863343163313961613132623335656636
35613135343434346638
