$ANSIBLE_VAULT;1.1;AES256
35383361326566313137306131626436386666396339373735383531313862313631343164353238
3664333337376639323166373733643533336466333561370a383065653965373066303238646238
32653236303633366537626162333635613062616130643138653133646332353930356362353062
6234356435373235650a613562636530663633343662666239633630633531646661636463363139
61363434303265383564353638613339656161623933396161386363376564636133363836303962
64633662653934343565666563393762663465653865656433303561383661356565626631636361
61373731396665336461663162396531393232623332343231623333326161353534373834393839
66393036616534373862666133326363363363633963663037383737626666333665323030316130
38353963333837356435333235343731393831323830313731343063623561316238343030366463
65353565626637666138353362333766313330336335396539366231376632643730643033396438
38363635323338623561303962373063373830646130303537333033616336633862626237356137
35313639323766663831386132656364363663376531366138333331343766376562373131663235
63623536336139636639373936386431393935623366613863343064616336623431356233393765
61633439633061623133366236636530626434323164616436316164373530343137343033393366
34636665333531616635373232356435623137643133646437393238326239346233356338356437
33643334366535666439633632313039623663383730383665623366653238663230356132333861
63366438646234346638626665336231336131653465636338653664633931323663386561646336
30643238326131616539636535643934386665363039313030623432306637373633376233343263
37366238303832366132393163366265356634646262663837306666353836616565373865326531
32346365376436663763396466343131623733646665633832393538366131643236396664666533
33643361396132636563303531376562343964636334306465313966376130636363353063306133
65646631313334383836646438323663303866396435633731376434666531313664383039353461
62306563306634383364366133393437326637653836633163383066616531396561666661306363
35396666323331613633
