$ANSIBLE_VAULT;1.1;AES256
31623662396334346538653764316663363038306366366362666539353862366537323365363030
6666303831326266323033643936626334323736396436310a316538333265643837313830626435
63353135313832633936353736633563323633366233373662323061346533646536313936613634
3934653236316133350a333461663663656562363662633330313939393133626430663736393639
31343633653162373834633565353232303337356636336534633063613437336362393937366135
30346162323663383364386564663366356163306632623637326531623466636263306561306138
66643936633464666438613665643265383032373163373533336566383832336264343336393433
38376638313361323336383237643831373739616630623965653735306431626432386639633234
37303466616562643634646532303939303830653430633632616637636331656635656431653835
32353662353939376434376139333539646337343931386434373533303635333562653739303762
34323861313261336265323234316635643131616334376161353939323937656464653564656132
33633537346536373865633632373935323631306536653466623732626665633934616138373334
37653565343837646161303539396162306636306538383536343037346531373864306536323536
34303731646366313163623339373231623032323832343566363139626561653662616535393763
65393163656664643831313738306662336634303937373166333631393439333762313565353030
66393765643635653064383065656664353462616433663331663535656134383863306366383235
65303538306432336661656237623531326533626136306532646231313231623964346332633439
34323335363234323066316135633339623235623636333138653862633366376632343166366237
38633834663638383032303961373732663361363761353239396331323462653063656438323539
36393932663130663437613231616161653632366663613437306431666330313865353164323933
36323365666661656462633237643334313732336330643430613734663335623365613737613136
37616430373038333463626265626231333535643962346633373265393836353862353639313432
37366165396361366261303331643836653436346163623333613066386431646336343636313334
33353538643639636137
