$ANSIBLE_VAULT;1.1;AES256
31366234626665613035663635656364323735633534343538383830313438323964323866636538
6634376436626437386666623636373534623039623237640a303164646433313464366335303234
65386339343261643130643664613230653437356534313466633461306265643262393462383533
6531306462633437370a646134616433346133336535363832613838633137306334343731663735
38366664326335643462303438373830623062366238633162313137363930656536666336336337
63393530383432376438623661616338353632623666393762376132353538643638353939343661
66623530613439626466373131653064636466643662323734333334646131373362353938346535
35633332633534313631316364316534353864323666373262633264656636363330643465396432
35343261306263343662646539656636623065663634313035643839393330323730383935616234
62633730353364373034373032643139663638346535653736363164656533656133643036343332
37323336386139643439663439656134353463343531353537313531663236633934653233363131
33643233336166643439396665343533656261316638333535323764363530626130303031366534
30326661393137373533383433323632623061616639386261353261663039653732303938633265
64386262363066316661383234623762333637653465393133336565373538633066636361383333
34316336333738333931643231626466383137663461366134376232306438376539316134613437
64343233386165313339386338366630646532376633343934366434343030323265323236636436
38316639323238373362636665316535363235646130613337633965306464356661626335663364
65303637323933663164386131656233326138356163383534383662636366313236346432343966
37333335316632383634663031363333353161363162353335646165303561346564386331313235
33303038373333316139336264613336313939643737376439336430653162373965356266303966
33623439326664303931323163663337623163373930353437613364393034363632396537343164
34323439323831363938373436353433363931303931383735646639376130613863343461313439
32663738373030636534356366346266353136376632326231316665313263613732646235353261
31303163393566663938
