$ANSIBLE_VAULT;1.1;AES256
38623831313335306361623961303632393763643834613437383534363433636139336366353531
3665386633373737323465323466383935383635373762320a626562633763383663636263366337
66623739343733656563383866623339653339633061626365666137313835323930323764383434
3338346430376161330a623965613232626334643635373330633138303762323136343233343866
62626333393138336338333464383432636237323866393662383138663036393338393831393933
30656138616232356166393461643635313563666331303939663834353432333761633430646233
30373831393938656431626138636337323763653733343536653538613832393231643965323965
36356266306666313336616532656538376639306163656530316639626561636531623236313131
37616336376137316431383835643337393438393235393738306635653338336136636235303935
64343435316464623363386538636230393035393961363563626530346431326130373331326266
63326631396337306333343936323365343062333338386164343736313737623234663137393163
38646662626562303337306462303462626331623466306462623435633738626337383735623132
39656639653239326638366262623832303734333465376137653435323231333464373066326262
62656665356361303936643833383936386566666165326633303733656135386634613633623362
37366330303566653636356437623230623630623734376566373266343134323633313361303833
37373835373661653161343639336661633231346438646236636235616436656130383838663066
38356661366339376435346239663766343264346563383338653030363031373731653637346534
39396561353639313461383237646231383362366636623435666231633536343162333532643137
30613633353636366637613939316361306332366664643066643438623838633537313834373666
38336365313335376264373036373161633034326636323235393139646263373766646266363538
64346365636263353230646464626463376436336339336135373262333330386430323737356430
63666465323530326163626139653564663139393066613533313266343538303664346433653062
35393639376265643161326662613039363636663936666634346462373631343633356532613832
62623666663138666162
