$ANSIBLE_VAULT;1.1;AES256
35323131333837383637313261373938653532626565386439653335386662633232626230393761
3934633463333565373431633331326566653331343031660a613237353238643632616639376232
36313362393033343537636339313837396566643839303163353661356539313732306163323363
3065343537666437610a626231306438643130393064356334633665653364613234633536346336
30613731616132343236663733623562313837663735653435333638363830346134653965373136
30633839316666313031306535396562633339376533653538666463653637663036343132616166
36383035386566393130646166336265366361303166373635376638656139623636353831356233
32333236363835373062656236633464303038386538636265353939313236316234393636386237
66656266653431653663396261363236633233306364626132616366646436383631623065653038
64393039313261373761646666386534613063656232366338323831663934386439616534633931
64373764633764383566376230623831356435373531373238373133396265666263336366633735
64373039653534326639376432303665656365313231326137646131656636393663333635636537
39613437333339616232333431353035303638343130306439343130663235333961306630653035
64383963346139626262313035396237303837323538383662393036653236656661343238666634
31313835336362386438313934326361633135303232356439323362353232656465613366636132
38316336373035613031396462303063636134366164376633356135333632396566373134373661
32376166356135303031346238626531333837613363343638303236623234346261313334393038
66383835656333643063356135356261363237326138303262343733363731653232646463643863
31316633303965336665666162653936653663323733396435333066333934396261306563393534
36633764643533313339666562323935316133643237646661366138663631356664323462646661
66626438643139323836316430386462313937323965396132646665363534616665313138646138
36653639366138393663386334663265316337633037653931363735386133666130356463623264
38613034643265343136393063396134643931343166366133336664626363393063626134663863
63643732303565343765
