$ANSIBLE_VAULT;1.1;AES256
65326230616137646238636638633132376262613365663635626462333432616463333730363736
3636306533383036313064393935346266646431663236350a653732646433313331323734316433
30656533653965353466393336656161313663313464373833633830373562376434666461393639
3031373235333039650a396431303266396630353436336261633664383465373237623663366636
65303562383162333831326234653832373438626431313265376366343036386162306430303966
65643930623762333739653263616535633434356636343466393736633162653135646233366533
30353130306536363636333466356364656562313532303865366564336635363635633232393262
35623164316232363732613139623835373837396330393866373061666232346237633466376263
36306135333133623735346665356232623163303061643165333731363161336464313738646131
32333832343837343031383335333038663666656562366139376630376138313966636431366339
64646330393231313262343439363432616531343261626264396538356365623835316133366638
63396130653237363561376331333466396263353962613230616332636539396136646136613065
35373835363039646162366433356238643861316230666365303865303861633936623236356438
38396262633562343237313965376537393464363431343465626535636262666339316462313339
38373836656463333732303137336534663934373835323464643436363265313236303439396536
33616365346335343631353966636264373037316331363964633932353165323738643464393433
31316338353939653464393139643933363662633033366136643065633735623264343337636465
63336464663330623039393732393064363237373061303631633433366466643337613966313937
31323164636464366264353832663963383763356537363736336466373166653264663332333561
65623361623233326530346462323637376463346137323237376161373234633566383864363733
38316362336633633265646366343634366533363865383332373339626132633762656637323063
37326235393833303337313065393231373332393065303437316332653638623438336231633539
33623538653433333366633039616139623530393966643563303937303636356263373665633933
32333761373563353038
