$ANSIBLE_VAULT;1.1;AES256
63636636653138656364336335613234346232333164376463613539623865396538393030383833
3266633466333565326436323861613338373030663931630a623639616462633833643236373962
31633562633535303438323536623063623737303730643961363165613339646633663638643161
6537373662623631610a323331623561386466303131363465306233313466313132303666616133
35316132373030323738353739633664343135613963396330626635373430373932363738353236
31613237616437323864343039666135663964633037303165356138623738613236393962323933
64646132386532666531313866356564663839363635386536616365613264613064303439333865
63346535616531343339343132656464663065316361656537383961383635313665363430343664
32383239663533636231353732363661396166366665363638616236623364313130663861653866
64663537636263373662396363373532653738653232656131326339616165666462326539316636
34633066303636613539653337343339636131643036643135663238393834313761623562613738
35656636653962323837663963356430396338386536613038613262316336616232616364643739
31623361616234623865376633656563303734333535323761376138353063366661663961303935
36663033343636353366333431386366393164316162653637356631633135656365306536616537
34323532663236666330313535316636373036313264623638613930323266326664383635373338
32306262383839353965383631396530356239373335656534393565653464346434646136643166
32353134666233313837613531396664303364663039303138326430346237356664313934616464
34613237643136323234323131623965653239343961636538356330663438646465396330353361
61386139623932633333303162313835313536316539373833376531653137343831353339313362
30323939336439303634353035643234636630633533356566633262613132393234383735356661
33613661346138646264663661303233326662383961613266643031626663336331313731313662
36306438356564666565346362373864663462366664653430313238376566633463643961316532
32626332333632363439636234336139343231366130393933623239306364333262663235623465
36323533323365396265
