$ANSIBLE_VAULT;1.1;AES256
62633139363036393239656562303931636231653633633831666565346233323334633432373365
3931356230326531646535633034623239333232616664320a386163316436643565613730663162
33326665303038373733616361356138376537626238343237633166666634613837363134656235
3131373637353736300a643338383861656532633961306139316466356464373763373334623339
61636436363164353966356238356438666637393037666131646234633231636663316438346664
37313466306232356138313461613536643364333362663562386238333430616663343633613338
33313166633130396536373935326262353538616164303935343161373430393961336666653138
30346564383464656433363130303964343163346337316164386561323134363830633464663961
34356239363131323436616333376134343362613266333639336466623837623933303737356532
33396239666262383562353439303833303730313631376463633239666563613562353161336435
66303863323237383936366631393462343139333437353239343136333538666632633336373963
65613062656461323266643265356439333137303663336264353831363165393133396130623061
65613137363230336565356565386462366539613363333761313761356364613231316261613164
35636665643735393564666536326236653463663563306233663336626465393639663130303962
65326534303431383632303331316237306265313033643465653561626239373861376334353162
66373631626132396339373232303735323264333137623336636563323338393464633736356532
32613036313932323239333133353939383638666466643063383530343533363461613739356534
36613336376338633138613232346434313564656132393838363734383332363432303164653361
35613331363032333964373164323634346232633064383032326335393636353237613363363231
35666338663732656632313665626139336437626265376162616466376261616661626637326664
36643161306230313434613032393665373562336563636237383264373332333763633366653366
32633936663539636432663439643039346634326464303935626230363639313065333365663438
31346436366235303430343462373331646161316635643266386533623639623539333135633535
62626566333932323661
