$ANSIBLE_VAULT;1.1;AES256
63646530613331633336393037313962353933613165363233353739393737613139356134653230
3964356439613239643764376639336235303136306165610a313362656330323435313766613363
34643837643734366235343838326539643134393131343631663363386363343263633234323165
3332373666333666300a373566366439396631653032663031366131636366636634613564336537
64656634343263386534326262373934353565333733393432623936663233376561333566313736
36396331353561343765313765626530303432383032363330643036323437633139663739363136
30613361343535646466643939316434656262306566376634346564346537343931313137383434
31663933613039363335353530646533613964613962316235323433323234366166646534333431
31643965386633343631626666376564623362663838626463636239316135363563656633646632
36383766343466343466633664353537643637626161343530346535623732333937303062626264
38643635666161643535306433383163346263643030626461396164656235323937366464633262
66646238373064373538343465646230323330663061393965396565666330393139376262396232
31626633656237376436633735356136636438656463633332333761633866643730353136303438
30613262666263626163636630303864333464636138666161633933313766376566646133343365
35306266323532313330316134373164323738306438626663366332393961373965373337393131
34346331323038636362396334356233646336393962323435616531633466343338613038343135
61626636663463313632653465353964373463333439386362643865613263316331313232663763
62316436613362346436343665613366366166366431633361383739653061323065636430353534
62353037373163643931333834636334306666303039313134643765313837333834333436363239
35313166663834346562303165383363623366633164333730393731663032376664353032663066
32326264646133393366363162363235643762616666303330346164383335623033316531613465
65313862613739326437646262623133663563626563323763306637383032623034353332633164
37663239616539343630363638623366636236643839333963663032396335343136326433623664
35323037363639653666
