$ANSIBLE_VAULT;1.1;AES256
62623561646161343133616135633737393465333364373831316238613863353039333861646332
6431303664333235346337633732366132316132613831340a616533333565356532303462356237
64313961343362336230643532306439633231323136376666356164363634633130336633613138
3930383166393330650a666265326438663266393036656664653431633334646236626639326532
36343433393262393336306532323431363939633032323365323233653665656437643837316133
35613562313032393266323464336134613935313231613535313134656537383730316563346366
64646236393538393961353432333638383331653861346231393438303662363166346137373732
32633931623538313465333139363665613532356364663163643832343439653364336361613539
35663031393937323135383836383665626632316661653264373633333763396264373562656433
31396234333934356431626462613135333533363938353565363661333136613237663530383265
62663532313231613562323535356531313936373539393239313734363837386466323962346564
65663038623132666161313863373036353934383366346433333562653435626638393261636262
63633131383536366630326662363331343230363232363036326163653031356265396432336338
36333462396631623130336432613234343033623163373038323962613065366262333338613932
31613939333166643463633666316664653836363134646333386430643562383264303665333761
61376636313938313964363266386331313832613030346566376430633532653732323733363964
30623762363266653632383731373530653630653139326665303438306262646161626662336133
63393937356231376566663033626532366266336339313139333431363634396462373439333634
33636630313731303463336437653962623433376335666336343233656536313663623436616264
66323738373831383831633337386661623938383164313139636130343765663062306362356232
32646339626464323564613866393264656661643231373262633462333965363639663137316661
35393661363332336465356133633139393065333466666163613437633466303235653766353864
36376539323139356337633264663034623336353161663031666564356137313234376365396638
31396535366239393139
