$ANSIBLE_VAULT;1.1;AES256
32333038373534383135343962666666343030336437653365633031383436663131393038313937
6333393338626338366336323630343532626134623263300a303464303561313064623636346634
32303033383138376364626430343435323334623033353839343135376666633961663638366530
3233643030626635630a363361313034393335646235366336303936386439333535633638643137
39313236356565353636643262636563663061366563343166343736313335373531376133326336
33633431316139616538653362383239616339393032343135343462376235336239663862313538
35633236653231663366656632613231643032346264663532616131613831366136333130396138
36333434363031623266343162613532383662646664343462653461613631613964613235646565
63653439616664653536616362386363616364333834656166346537303339663763336633303561
63343431343362343566386339353330363732336530306532356436303265623435643335373762
37653162306137326432623465363736333235363361396265376161326261323763343164326535
65353266636236643963343934643037616332356466366331326362613863653064333261636364
37376535636461323834616461626463643631333564316361323535353531636565323635303335
64343134656334626366353034636236353731343136316335366236633737643934656262623662
66653964613562643735306539303132366332386435323262383436343065356139383765653261
63386630343064343735346239626266333838393434346366326266393138353231363435366331
37613130626635343462313530643232356161613464646538333864646333333032613761643661
31323233313231666334633261613763323039653262363339363966346333366239353165376631
66343365306138633531313334643135373332306438393465363665383365373233323366666363
62623537353138653734363133313430663464656435393632306663633461623230323835343038
35316265626437653438373132303335396561363534633533653332356565336233343635353362
64356433393037663437663965663538383431646265316361336462386561656638316635666362
31623734633731303962623462376133313731373530373030306366373062363336353966623261
35313638636330616338
