$ANSIBLE_VAULT;1.1;AES256
31306332343632343731633564366330396233353137656236636231353437653166326239396264
3032366661363361303361633361623063343131303235360a613266333565373133343565373134
39323263393834656638346533633363316661393761643962373035303037366538366464633661
6233396262333337650a636239313631656132333261653930623531376565353738373236363736
37396563656537303234326538663536633735666334663631303732306162343766306236333230
31346161353930356331306663623561366139373538356231663739396261336638333462616136
66613633383234636130613237376361616664333939313935393135333236623561316363343562
62666133363265653236363634393737376665306531376630643433323834366634353961306537
38373965306361663932616262343134336133353636356131386264353237353837613866366163
38656131656166613435323562393532666165376165653662343131653663626637636134363336
61623361633339303965663335303061353061396166623638366639386161353564633230376131
62313837383732366262613134366333636135346335666364653139616166663561323161336565
62663135363035636237323839333835636535626430336337653937336533396131376234396563
65616533376563323634323161363534383139393561626439326432326637363134626639316334
30326564373731303134666236386135353435386531356634363538636264303163633766633530
39626138303635363935306638353062303130393633366161626138396430663866303232343337
33303737366566346234323530386530313639666638393630616639626636303630396138306431
31653537303733626536303536636434326464336366616531333836613635366365356265346332
32326563333130633637376339383631313261613835653638323262643137643432363462326466
64393333383935353466303133353062623330316235326363643739386161323531653538386331
61333063656533323339643030306562343134383332663937666462613535363963623536326538
38666565663161653930393036343465383063393838626561323763306163336337646632663166
64396564633662643835356161386237356131306533366235613537666432656539366338346135
31393737653231303639
