$ANSIBLE_VAULT;1.1;AES256
66306365386664396635373362646531323863336263363262316233303932613761343230653833
6662643130303135303361623131643264353637623765640a363530383035623331366439363765
34616233376632653666343862393236666564616339633231633336643462626637633936336566
3432643839633139370a396232373964366435363237333462366261343565666637656531623531
34393661313566666263326137303837646465626632626632653438343934643437356436663738
39316537396462306365623735373163623566656462623636643334323232646366663761626636
38653839343466613663393538393830303231356361313666386232353166616636336435363265
61373965316566666466346633363539653930303437626165636261653363343264613364653635
61366537366462396661633833346531343930613433623562323035363333333639626133636133
36613762343835303131346134326139343961356564333062626634393036383834346539323664
33616239363432343832393232383638653761376335626437323337616237336139373734623431
38623032393736353362646439326433353664303662643339366666363132633938666630333837
62633465366433636161373533366234303031333133623233373232313866626138336435633031
65373732313839653232346636323764623138633264333839346433326663636133346632336264
61383630376137653834376534393966316464626434376238356664373437346439656430646161
36303833663532333830353439356231643639363134383565623035396464316339313963346431
35396163613761646131663565623164346531323732393135613433363964663038653234613635
32373665386330643733656666363833666533633762343465383365303662386163616639633532
32393865316363396462356433343036333932313166346362323330653363656463346635366636
66333430386237323331333366356536333963323437646138326662386132313461613030653534
62663538623839626630306139353637666362653362666261613330346136326364356532353039
35613537313035393536616161323938303137343966366262343163643865333035353963613234
31326665633734663539326264313563316464623839366663376639373263663630333430363033
66363437333435343331
