$ANSIBLE_VAULT;1.1;AES256
39303664363831316538633737393436303765383666303731663263376136633361336662363439
3162373663323764643030373738326131303137616663310a666338663230303064353263336335
34636162656534663765386638363134393239366134643338383263613161363034663265303430
6438643138633938300a633765373535333532303163353033643864343663633038396264623633
61613664306138306135613736356166303139316335316131623738323165396338393363616131
30646132636166306438623330346538393836376363356330323239613734393430363761336263
65653063393639663638303665303532613738313865353830626333653834653338376565376466
35316364366436393034613064646637336461623361643234353038656362323263636431613336
62633537646165326134313435646263633961363331313135383666366137383534373966326231
33323832363032616461346635643966336632643833623230393837303264623463363031643039
36323933363637613135336537653938616231376535663635636662646566346430643138363062
32643634306538333265373036366133363834323962373462343134666134333937636334356531
35366465653733633735623138356638653534623134333839303231626630663435356338386534
31663338656530643336633035636339656230613265633865666437343936386366373766333830
66373765363832373763313636373836396461346166623730636430316435313237356431393664
37633839333432646530373931306535623361643036373334613261626637373165386638306138
35323664346366353234363233613934343132366532366631356264353037386332373763653363
38623538333064653363373534353534663833646265656434313930303463366135356562323665
36626163623038366430386434333963316537303038653664363238363237646432356132383839
36373935643663313835336231383338636237306464316239373334303863636132613639636536
61626364326366623266626166656531336339633435396431306136346662663736323835633730
36386138616433636339623738386661323431393834633164306432383730323837623833393138
39636365386432643439363839326238383739636534633762643631363263366566396265653666
35396236326262326239
