$ANSIBLE_VAULT;1.1;AES256
37393562613038616537363430343935343763616634633365333566633230653866613336623235
3263363630353839326334303166623963323638643733310a646239306130653961623236656436
35333635363631306266643637353532333031363364656364643530623435303332393962353934
6636366634383335630a616637613066633330666464383161663762613264353835653330643933
31626365393537356230646561396663626238363662306537643635366664373265613130633862
37333533613261313561346262616638383335623934343762396432646161356631616661316565
35643331343961623333343731376633393939646664313035343031346138376530363735316131
38363836313930363336326637373264616134656663623866613063643731313238336262646234
39323234393638316261353130613131333830326632663639633738613265346233653164623830
63646134663733383362323035306531376334303462636335643564366134356439313932653336
34323538386231333566393338306438303230383035336566333833333739366462323165376163
66646434363735356566353438633439656566656530343636613366356264316339363330343030
33633832323161383966323261393864393539633261666133613037333938306436373336323264
32363739393066663531333062636134636266323366343331626133353934623939643465346539
61653363646134363166386139356563306131323361376566353532386230613139356634396434
30306336663631636336613638613132396161356566643839323431373066303231613664353463
64386637303563313265306162303765393765633631373734653934373135646362646637333033
35613230313935363837386133326165396661363436363864303463313033636434336638613038
30396562326433373736656361666664303738326564306463666638393266613538646364623532
64386663316332323338666336643161353463356666653631393338356666636639303565306331
61353866373066653034626232353461363238383439663634326362373637323139636439613137
63353935363236353262366366393664363334336561366333646630633231313933333966616537
66623639626336626464623036613038666536646437623732326135633136333532373663366362
31346532666534643965
