$ANSIBLE_VAULT;1.1;AES256
39323036623935383236333064306630323364313339643330643063636634643538363837373033
3564376464393165383261333235313531333739613265610a333165343762313434663334326231
62663864653332323963356464393639646233343566306662373537393336333963623464613430
3733643363393834630a383963633465313363383739656231346232313831383561633231326637
33663866373061373766343835666338333637656635373864626334306263396662336634386364
39343937623031386235396361636330393463396663313335396235326263393566326531666362
63663835356563653635316435666437623162306333326662306266323832386336313535336561
35623737366166613431643164393230343964303632376637373630656131326134653330346433
62373039396537373135323235383232336633383161636361363465343232333162323064386630
38316161383766656339353833323934343332396565613937636230366666616363376431333864
39373065613239643430353563373237326538333766396365323635386162653964646338353066
65623564386462643666393233343831336162376566633730623561326464393533316465353765
63623264633630363364373638383564666433663764383962323737346639653762373866383631
38386664616361626463303464306633303834306365313734313762333334306634373939333836
66383837303831346362376233313465623165646132383530613532633366336234653739353066
36373762626662653866323761313332646332373864376136626264346365353436383633656138
66623936366466356131623731363465643935373531333634396339656464666661383364343463
39376162646465653430633231306330343134306436363431633333626339393239383530356165
30306164666665646139653566333066363632656165376362666232633338336335373236616338
65636261386664323134376261633438363864353330353131333435616462636238633239346139
31646335366261636664353835343935306233333039353731323531636264383036656663336466
36323333623866336538663135313236646235333033663431333037373964633134646136373739
37316630666465373731656430393731353730633332616662323163396166333439623232386331
64363761363465646566
