$ANSIBLE_VAULT;1.1;AES256
61656532643665373134623834383361656264636664376339333239636264353831373966393339
3137373365656633623831636565303936343134363332360a613065383839616536376265653737
63623438366264323038363139636639336263323634346238336238613464303831626162346138
6365663763393339310a366162353336393731326439623464643631643061316233316331353665
32666635373135303063313861373838306462336334306537386466633162643235306361313561
64393831353631323461653164386262666431303333636232343837373832313539613062333961
61343536333138613235343163626435626361633139376134303634336261393239393137313037
39613534393134326165396333383432643339336561353366663262396165346434333266626132
63356266323066333937643235343563383138303537396466366333613862616434373632353264
30633636333339653566346530646336343665363763616364623030306664356137323739376130
38666337303764303964663438643464626432626261643830353534653936616462363338663862
35313462306362343930633763346435306130353033646131353366626635373466376635393330
38656135643664356165386535366638333630346166656461363963316665343362343931616461
39613830306233336465396433303036323439656236386430333236643163306538636632356638
39363235653165313135626533343564663063663239636461393934633930346639333632356432
31386232356134303262663737393930656462336632306464336137613766353236316462343838
63313834373833373265663139646131366436653034636137363365616264653936376166386530
63393336346236666161613732383539313966356432343935636565643164396137383033393262
62326131343130613736343030623263306139663061653666303834613463323465323166383064
39353236323161633031633936366430363338623962386534376337393862613231346366366365
37656137326538353761396665653230653034373833666234663534313435653734633937373734
36626338616534613536623630306333646662636432656230346635646262626463343065376266
66643530323962623738313465656137396236303663383238353633363238303030373731313236
63316332333334613334
