$ANSIBLE_VAULT;1.1;AES256
36396266353366333438353238393737393435616136663562633663303762383239386630646231
3434316532356138653235653935373034393463373036340a633832386335666166653630666665
33363037613161353761326462666662326465653462393330386237633665313431616362633838
6166313634643565310a316564386330303062316661346639316539383365393131636535376361
34313834613436636335653436313062383032653664343839373933623161656439373430316561
61653536613266613236616233306435353739623030343635323632663863393538363666643233
63313862633833643161313162663661636539383264386636346334333465366662613633326136
31636463313836333938356538666237633439366230653932626133353639653466376436666266
33616465333563646266303532333366316631656539663930383666393165396365383931363837
33383937303236383361353939313534353631396133663335316465323531616532353462336563
62356163643364306631613066383966373438623831386534396564356233316237376230393234
34613766326630616161623464306262623063633963396263346231666364353864323835643134
30386137393464396664616663326365643132363730343865343331376263336338383762663437
38616234393936393432616139646639393135626338643737623564346665306434623365623962
63663762303263383366613365663231633362373362626330366635343765656666636130363436
33353362393432383139303939313238376465336433396339366663636534353433323964363466
35353630313466316536633931303638393334386365393032353562343365373630393161613331
32616165373438326366383763626663336533616237346539646462663438303664323537613330
39396536396632333534396466646539653230616163633439346566353663666332363536346239
64366531346435636562393939396534363730663733363538373761613362313432663337333436
35383430353661643736643738353930646230386462653933353266313135333134353265366235
66333531373136303032343835303635386439626433323534323066343834663835396366336262
34666561303663616532643836303033633334653932663861323562336130623764396432616136
30666462346362626332
