$ANSIBLE_VAULT;1.1;AES256
63393661653131663730383431666330393266616335376234336230663562326533653566313133
3864396263646462386538663836306266333434343566360a363435616562363530393165646536
63646130633262396239323135376136303431313934386435636233323232616339623437306139
3834353539626335360a366530633166373037666139353534636538353935653338316535326539
33353238626466313731343963366134636366653731373236396263333930346632333635633733
62623638623365623537666361663033613366326631333661363665343064396238633630336463
31336236656232633266386434616433386132346637663032333134656262356562363235373936
34613361376561393639313062383534623737303136666237363135393536323936326162383738
33353562396566333633373038616163663664643535313765633661643039666438303830663666
35383636393736393630303235303735333062333630623430313636653037323436303537306238
62373164323034643766373964366633303162383362323365636234643237326466636663363033
37323864653333383837383236383631363236396632626337383765653361336364336135653030
30303930373761366634363065306662306533343637326435333031323132656633306539316638
30393134316265383238343033386239373462323130323862306663333065376633613464336135
33613335316233346133356535356338373534363835333539326465316361313461623231376266
62323037333231636566663266336337333131343938653261333734386265376362666635313636
39643432323732616566366539376538633237663030626265663630656463373966626165616530
31613533313337323238356562613066363031396334666464373062613739333530326230313366
63393037643934346539336432366365373539343737323732623964303333383563366166343937
36653132316232623339363831376564623439356635396430373835393739396161366464363935
64626432333430313931306132316265316634346636383335633938393331393632623161316662
37333764383339366331626263393537636534653837613661366433623433626665303332623031
65626665306165303637643237623730323935353563333735646435383131613161616263623934
30613766376364363936
